run:
Starting Video Streame Service...
Creating clientModule on device e-1-2
Creating storageModule on device cloud
Creating clientModule on device e-0-0
Creating clientModule on device e-0-1
Creating clientModule on device e-0-2
Creating clientModule on device e-1-0
Creating clientModule on device e-1-1
0.0 Submitted application Video Stream
116.1003125 126.1 128.1 128.1 130.1 130.1 132.1 216.1 216.1003125 218.1 218.1 220.1 220.1 222.1 316.1 316.10031250000003 318.1 318.1 320.1 320.1 322.1 416.1 416.10031250000003 418.1 418.1 420.1 420.1 422.1 516.1 516.1003125 518.1 518.1 520.1 520.1 522.1 616.1 616.1003125 618.1 618.1 620.1 620.1 622.1 716.1 716.1003125 718.1 718.1 720.1 720.1 722.1 816.1 816.1003125 818.1 818.1 820.1 820.1 822.1 916.1 916.1003125 918.1 918.1 920.1 920.1 922.1 1016.1 1016.1003125 1018.1 1018.1 1020.1 1020.1 1022.1 1116.1 1116.1003125 1118.1 1118.1 1120.1 1120.1 1122.1 1216.1 1216.1003125 1218.1 1218.1 1220.1 1220.1 1222.1 1316.1 1316.1003125 1318.1 1318.1 1320.1 1320.1 1322.1 1416.1 1416.1003125 1418.1 1418.1 1420.1 1420.1 1422.1 1516.1 1516.1003125 1518.1 1518.1 1520.1 1520.1 1522.1 1616.1 1616.1003125 1618.1 1618.1 1620.1 1620.1 1622.1 1716.1 1716.1003125 1718.1 1718.1 1720.1 1720.1 1722.1 1816.1 1816.1003125 1818.1 1818.1 1820.1 1820.1 1822.1 1916.1 1916.1003125 1918.1 1918.1 1920.1 1920.1 1922.1 2016.1 2016.1003125 2018.1 2018.1 2020.1 2020.1 2022.1 2116.1 2116.1003124999997 2118.1 2118.1 2120.1 2120.1 2122.1 2216.1 2216.1003124999997 2218.1 2218.1 2220.1 2220.1 2222.1 2316.1 2316.1003124999997 2318.1 2318.1 2320.1 2320.1 2322.1 2416.1 2416.1003124999997 2418.1 2418.1 2420.1 2420.1 2422.1 2516.1 2516.1003124999997 2518.1 2518.1 2520.1 2520.1 2522.1 2616.1 2616.1003124999997 2618.1 2618.1 2620.1 2620.1 2622.1 2716.1 2716.1003124999997 2718.1 2718.1 2720.1 2720.1 2722.1 2816.1 2816.1003124999997 2818.1 2818.1 2820.1 2820.1 2822.1 2916.1 2916.1003124999997 2918.1 2918.1 2920.1 2920.1 2922.1 3016.1 3016.1003124999997 3018.1 3018.1 3020.1 3020.1 3022.1 3116.1 3116.1003124999997 3118.1 3118.1 3120.1 3120.1 3122.1 3216.1 3216.1003124999997 3218.1 3218.1 3220.1 3220.1 3222.1 3316.1 3316.1003124999997 3318.1 3318.1 3320.1 3320.1 3322.1 3416.1 3416.1003124999997 3418.1 3418.1 3420.1 3420.1 3422.1 3516.1 3516.1003124999997 3518.1 3518.1 3520.1 3520.1 3522.1 3616.1 3616.1003124999997 3618.1 3618.1 3620.1 3620.1 3622.1 3716.1 3716.1003124999997 3718.1 3718.1 3720.1 3720.1 3722.1 3816.1 3816.1003124999997 3818.1 3818.1 3820.1 3820.1 3822.1 3916.1 3916.1003124999997 3918.1 3918.1 3920.1 3920.1 3922.1 4016.1 4016.1003124999997 4018.1 4018.1 4020.1 4020.1 4022.1 4116.1 4116.100312500001 4118.1 4118.1 4120.1 4120.1 4122.1 4216.1 4216.100312500001 4218.1 4218.1 4220.1 4220.1 4222.1 4316.1 4316.100312500001 4318.1 4318.1 4320.1 4320.1 4322.1 4416.1 4416.100312500001 4418.1 4418.1 4420.1 4420.1 4422.1 4516.1 4516.100312500001 4518.1 4518.1 4520.1 4520.1 4522.1 4616.1 4616.100312500001 4618.1 4618.1 4620.1 4620.1 4622.1 4716.1 4716.100312500001 4718.1 4718.1 4720.1 4720.1 4722.1 4816.1 4816.100312500001 4818.1 4818.1 4820.1 4820.1 4822.1 4916.1 4916.100312500001 4918.1 4918.1 4920.1 4920.1 4922.1 5016.1 5016.100312500001 5018.1 5018.1 5020.1 5020.1 5022.1 5116.1 5116.100312500001 5118.1 5118.1 5120.1 5120.1 5122.1 5216.1 5216.100312500001 5218.1 5218.1 5220.1 5220.1 5222.1 5316.1 5316.100312500001 5318.1 5318.1 5320.1 5320.1 5322.1 5416.1 5416.100312500001 5418.1 5418.1 5420.1 5420.1 5422.1 5516.1 5516.100312500001 5518.1 5518.1 5520.1 5520.1 5522.1 5616.1 5616.100312500001 5618.1 5618.1 5620.1 5620.1 5622.1 5716.1 5716.100312500001 5718.1 5718.1 5720.1 5720.1 5722.1 5816.1 5816.100312500001 5818.1 5818.1 5820.1 5820.1 5822.1 5916.1 5916.100312500001 5918.1 5918.1 5920.1 5920.1 5922.1 6016.1 6016.100312500001 6018.1 6018.1 6020.1 6020.1 6022.1 6116.1 6116.100312500001 6118.1 6118.1 6120.1 6120.1 6122.1 6216.1 6216.100312500001 6218.1 6218.1 6220.1 6220.1 6222.1 6316.1 6316.100312500001 6318.1 6318.1 6320.1 6320.1 6322.1 6416.1 6416.100312500001 6418.1 6418.1 6420.1 6420.1 6422.1 6516.1 6516.100312500001 6518.1 6518.1 6520.1 6520.1 6522.1 6616.1 6616.100312500001 6618.1 6618.1 6620.1 6620.1 6622.1 6716.1 6716.100312500001 6718.1 6718.1 6720.1 6720.1 6722.1 6816.1 6816.100312500001 6818.1 6818.1 6820.1 6820.1 6822.1 6916.1 6916.100312500001 6918.1 6918.1 6920.1 6920.1 6922.1 7016.1 7016.100312500001 7018.1 7018.1 7020.1 7020.1 7022.1 7116.1 7116.100312500001 7118.1 7118.1 7120.1 7120.1 7122.1 7216.1 7216.100312500001 7218.1 7218.1 7220.1 7220.1 7222.1 7316.1 7316.100312500001 7318.1 7318.1 7320.1 7320.1 7322.1 7416.1 7416.100312500001 7418.1 7418.1 7420.1 7420.1 7422.1 7516.1 7516.100312500001 7518.1 7518.1 7520.1 7520.1 7522.1 7616.1 7616.100312500001 7618.1 7618.1 7620.1 7620.1 7622.1 7716.1 7716.100312500001 7718.1 7718.1 7720.1 7720.1 7722.1 7816.1 7816.100312500001 7818.1 7818.1 7820.1 7820.1 7822.1 7916.1 7916.100312500001 7918.1 7918.1 7920.1 7920.1 7922.1 8016.1 8016.100312500001 8018.1 8018.1 8020.1 8020.1 8022.1 8116.1 8116.100312500001 8118.1 8118.1 8120.1 8120.1 8122.1 8216.1 8216.1003125 8218.1 8218.1 8220.1 8220.1 8222.1 8316.1 8316.1003125 8318.1 8318.1 8320.1 8320.1 8322.1 8416.1 8416.1003125 8418.1 8418.1 8420.1 8420.1 8422.1 8516.1 8516.1003125 8518.1 8518.1 8520.1 8520.1 8522.1 8616.1 8616.1003125 8618.1 8618.1 8620.1 8620.1 8622.1 8716.1 8716.1003125 8718.1 8718.1 8720.1 8720.1 8722.1 8816.1 8816.1003125 8818.1 8818.1 8820.1 8820.1 8822.1 8916.1 8916.1003125 8918.1 8918.1 8920.1 8920.1 8922.1 9016.1 9016.1003125 9018.1 9018.1 9020.1 9020.1 9022.1 9116.1 9116.1003125 9118.1 9118.1 9120.1 9120.1 9122.1 9216.1 9216.1003125 9218.1 9218.1 9220.1 9220.1 9222.1 9316.1 9316.1003125 9318.1 9318.1 9320.1 9320.1 9322.1 9416.1 9416.1003125 9418.1 9418.1 9420.1 9420.1 9422.1 9516.1 9516.1003125 9518.1 9518.1 9520.1 9520.1 9522.1 9616.1 9616.1003125 9618.1 9618.1 9620.1 9620.1 9622.1 9716.1 9716.1003125 9718.1 9718.1 9720.1 9720.1 9722.1 9816.1 9816.1003125 9818.1 9818.1 9820.1 9820.1 9822.1 9916.1 9916.1003125 9918.1 9918.1 9920.1 9920.1 9922.1 =========================================
============== RESULTS ==================
=========================================
EXECUTION TIME : 291
=========================================
APPLICATION LOOP DELAYS
=========================================
[storageModule, clientModule, IoTActuator] ---> null
=========================================
TUPLE CPU EXECUTION DELAY
=========================================
VideoStream ---> 3.125000002910383E-4
=========================================
cloud : Energy Consumed = 1.641694107142857E7
g-0 : Energy Consumed = 834332.9999999987
e-0-0 : Energy Consumed = 824769.5005968723
e-0-1 : Energy Consumed = 874982.447625
e-0-2 : Energy Consumed = 874968.4501250001
g-1 : Energy Consumed = 834332.9999999987
e-1-0 : Energy Consumed = 874982.447625
e-1-1 : Energy Consumed = 874968.4501250001
e-1-2 : Energy Consumed = 874954.452625
Cost of execution in cloud = 4390600.0
Total network usage = 6336.0
BUILD SUCCESSFUL (total time: 0 seconds)
